
Num. fourier terms:  10000
L2_norm:  0.0045020318365
L_max:  0.0894714760964
H1:  109.04267991


